   4   7 168  19 191 208 164  35 244 250   5 129  24 190 236 128
 109  50 226 104 164 158  89  34  14 246 133 239 104 158 237 108
 214  79 125 226  71 123 130 185 106 169 159 154   3   4 118 130
 248 197 186 212 124  77 164 143  61  74  80 130  80  62  61 157
  17  87 177 170  83 119  70 247  15 158  77 239 197 147 175   9
 203 113 125 214 131  36 103 255 220 177  30 103  94 110  80 155
  55  43  55 108  10  11 150  23  17  14 175 165 212 189  20 204
  58 199  82 243 254 100 160  33 147  67  22  65  11  70 237 148
 142 113 213 101 202  21 250  75 177 238 191  44 206  60  57 160
  49 153 213  76  75 140
